2.9339911301e-01
1.4835657689e-01
9.3188067611e-02
1.1426808860e-01
8.6384635271e-02
5.0740499120e-02
6.2942835742e-02
9.9410218706e-02
8.4396898881e-02
4.4668978482e-02
3.0570992876e-02
4.1552651668e-02
5.4739205476e-02
3.6539101981e-02
5.2673245415e-02
9.2484909925e-02
8.3736904623e-02
4.3181703724e-02
2.7741945277e-02
3.5497569037e-02
2.7680419074e-02
1.7242891793e-02
2.2642479589e-02
3.7932873918e-02
5.2180527756e-02
2.9237563329e-02
2.1433119417e-02
3.1912787005e-02
4.4363585864e-02
3.2133027422e-02
4.8830738966e-02
9.0418949864e-02
8.3736904623e-02
4.2791539300e-02
2.7122305940e-02
3.3995723423e-02
2.5591520160e-02
1.5450037074e-02
1.9614419917e-02
3.1908943758e-02
2.6878773155e-02
1.4647918587e-02
1.0340559368e-02
1.4761628975e-02
1.9500010357e-02
1.3680723211e-02
2.0293968982e-02
3.6908886511e-02
5.1535276679e-02
2.7378680919e-02
1.8073700469e-02
2.4437056423e-02
1.9118640441e-02
1.2689859940e-02
1.7481447279e-02
3.0858506328e-02
4.1895638265e-02
2.4597145030e-02
1.8810386191e-02
2.9692885437e-02
4.0888587914e-02
3.1166457906e-02
4.8485714066e-02
9.2484909925e-02
8.4396898881e-02
4.2960907326e-02
2.7112956643e-02
3.3696477905e-02
2.5300412834e-02
1.5097271152e-02
1.8956021338e-02
3.0464598191e-02
2.5162997530e-02
1.3522855501e-02
9.3912216308e-03
1.3100904416e-02
1.7166208175e-02
1.1775146227e-02
1.7223028439e-02
3.0858506328e-02
2.6878773155e-02
1.4096443615e-02
9.1835663293e-03
1.2127492080e-02
9.4035296542e-03
6.0762911026e-03
8.1916051714e-03
1.4167758668e-02
1.8719018184e-02
1.0815283562e-02
8.1386143312e-03
1.2606266736e-02
1.7284079392e-02
1.2983699547e-02
2.0038537054e-02
3.7932873918e-02
5.2180527756e-02
2.7148267561e-02
1.7438466762e-02
2.2617802739e-02
1.6800580918e-02
1.0551751168e-02
1.3793783474e-02
2.3309064836e-02
1.8719018184e-02
1.0575509271e-02
7.7158638690e-03
1.1599852118e-02
1.5195180479e-02
1.1196250471e-02
1.7010477383e-02
3.1908943758e-02
4.1895638265e-02
2.2889073874e-02
1.5441543441e-02
2.1836711674e-02
1.6927431920e-02
1.1773025143e-02
1.6698267525e-02
3.0464598191e-02
3.9103488926e-02
2.3748060714e-02
1.8631557381e-02
3.0495991945e-02
4.1326731684e-02
3.2526722992e-02
5.1209633637e-02
9.9410218706e-02
8.6384635271e-02
4.3887844561e-02
2.7649726288e-02
3.4223978715e-02
2.5715745107e-02
1.5265884453e-02
1.9082427531e-02
3.0495991945e-02
2.5300412834e-02
1.3521235555e-02
9.3340570115e-03
1.2898086219e-02
1.6895957704e-02
1.1475915705e-02
1.6689600373e-02
2.9692885437e-02
2.5591520160e-02
1.3326180365e-02
8.6253788851e-03
1.1239624352e-02
8.7128429270e-03
5.5426431918e-03
7.3844174570e-03
1.2606266736e-02
1.6800580918e-02
9.5859166319e-03
7.1323414622e-03
1.0876031843e-02
1.4956777826e-02
1.1080785023e-02
1.6993669796e-02
3.1912787005e-02
2.7680419074e-02
1.4303079835e-02
9.1358228772e-03
1.1695930672e-02
8.7128429270e-03
5.3890624776e-03
6.9616669949e-03
1.1599852118e-02
9.4035296542e-03
5.2402337250e-03
3.7728353786e-03
5.5655429967e-03
7.2882155855e-03
5.2790625899e-03
7.9495078137e-03
1.4761628975e-02
1.9118640441e-02
1.0358912360e-02
6.9391211893e-03
9.6864134490e-03
7.5060384759e-03
5.1521682489e-03
7.2432078503e-03
1.3100904416e-02
1.6927431920e-02
1.0196989546e-02
7.9458255283e-03
1.2898086219e-02
1.7500168410e-02
1.3682136653e-02
2.1477272931e-02
4.1552651668e-02
5.4739205476e-02
2.8200470635e-02
1.7936783527e-02
2.2809442114e-02
1.6895957704e-02
1.0346327245e-02
1.3231564140e-02
2.1836711674e-02
1.7166208175e-02
9.4441986477e-03
6.6953683072e-03
9.6864134490e-03
1.2557409348e-02
8.9340038880e-03
1.3301805832e-02
2.4437056423e-02
1.9500010357e-02
1.0456033603e-02
6.9269643051e-03
9.4996232042e-03
7.2882155855e-03
4.9069820529e-03
6.7925147746e-03
1.2127492080e-02
1.5195180479e-02
9.0669881191e-03
6.9944905083e-03
1.1239624352e-02
1.5163038861e-02
1.1774653330e-02
1.8403864223e-02
3.5497569037e-02
4.4363585864e-02
2.3498606594e-02
1.5277394981e-02
2.0444338182e-02
1.4956777826e-02
9.7207706107e-03
1.2999017141e-02
2.2617802739e-02
1.7284079392e-02
1.0049293232e-02
7.5049345004e-03
1.1695930672e-02
1.5163038861e-02
1.1543018031e-02
1.7784224885e-02
3.3995723423e-02
4.0888587914e-02
2.2827826560e-02
1.5633929237e-02
2.2809442114e-02
1.7500168410e-02
1.2552548193e-02
1.8108430181e-02
3.3696477905e-02
4.1326731684e-02
2.5674068434e-02
2.0453110880e-02
3.4223978715e-02
4.5790552067e-02
3.6760750487e-02
5.8250561639e-02
1.1426808860e-01
9.3188067611e-02
4.7290938265e-02
2.9767886509e-02
3.6760750487e-02
2.7649726288e-02
1.6368461326e-02
2.0415470491e-02
3.2526722992e-02
2.7112956643e-02
1.4450171160e-02
9.9481697561e-03
1.3682136653e-02
1.7936783527e-02
1.2122494409e-02
1.7582205671e-02
3.1166457906e-02
2.7122305940e-02
1.4079595808e-02
9.0889929603e-03
1.1774653330e-02
9.1358228772e-03
5.7718468877e-03
7.6513208178e-03
1.2983699547e-02
1.7438466762e-02
9.8913879151e-03
7.3221682990e-03
1.1080785023e-02
1.5277394981e-02
1.1238830895e-02
1.7183809218e-02
3.2133027422e-02
2.7741945277e-02
1.4274893825e-02
9.0889929603e-03
1.1543018031e-02
8.6253788851e-03
5.2853198089e-03
6.7801987640e-03
1.1196250471e-02
9.1835663293e-03
5.0733965837e-03
3.6236426669e-03
5.2790625899e-03
6.9269643051e-03
4.9580212420e-03
7.4227141236e-03
1.3680723211e-02
1.8073700469e-02
9.7214440356e-03
6.4751146917e-03
8.9340038880e-03
6.9391211893e-03
4.7055839704e-03
6.5655204712e-03
1.1775146227e-02
1.5441543441e-02
9.2196964590e-03
7.1362381494e-03
1.1475915705e-02
1.5633929237e-02
1.2122494409e-02
1.8970319851e-02
3.6539101981e-02
3.0570992876e-02
1.5685458941e-02
9.9481697561e-03
1.2552548193e-02
9.3340570115e-03
5.6649654953e-03
7.1973753447e-03
1.1773025143e-02
9.3912216308e-03
5.1244944243e-03
3.6057607621e-03
5.1521682489e-03
6.6953683072e-03
4.7055839704e-03
6.9632420573e-03
1.2689859940e-02
1.0340559368e-02
5.5028124831e-03
3.6236426669e-03
4.9069820529e-03
3.7728353786e-03
2.5057890117e-03
3.4376023984e-03
6.0762911026e-03
7.7158638690e-03
4.5576892292e-03
3.4877063824e-03
5.5426431918e-03
7.5049345004e-03
5.7718468877e-03
8.9864197122e-03
1.7242891793e-02
2.1433119417e-02
1.1300332143e-02
7.3221682990e-03
9.7207706107e-03
7.1323414622e-03
4.5950847802e-03
6.1078001872e-03
1.0551751168e-02
8.1386143312e-03
4.6985313222e-03
3.4877063824e-03
5.3890624776e-03
6.9944905083e-03
5.2853198089e-03
8.1152976584e-03
1.5450037074e-02
1.8810386191e-02
1.0454984240e-02
7.1362381494e-03
1.0346327245e-02
7.9458255283e-03
5.6649654953e-03
8.1430842370e-03
1.5097271152e-02
1.8631557381e-02
1.1528777391e-02
9.1574734033e-03
1.5265884453e-02
2.0453110880e-02
1.6368461326e-02
2.5906406421e-02
5.0740499120e-02
6.2942835742e-02
3.2244926715e-02
2.0415470491e-02
2.5674068434e-02
1.9082427531e-02
1.1528777391e-02
1.4586132669e-02
2.3748060714e-02
1.8956021338e-02
1.0289607315e-02
7.1973753447e-03
1.0196989546e-02
1.3231564140e-02
9.2196964590e-03
1.3573978960e-02
2.4597145030e-02
1.9614419917e-02
1.0364653039e-02
6.7801987640e-03
9.0669881191e-03
6.9616669949e-03
4.5576892292e-03
6.1860238582e-03
1.0815283562e-02
1.3793783474e-02
8.0596926616e-03
6.1078001872e-03
9.5859166319e-03
1.2999017141e-02
9.8913879151e-03
1.5325150459e-02
2.9237563329e-02
2.2642479589e-02
1.1867551302e-02
7.6513208178e-03
1.0049293232e-02
7.3844174570e-03
4.6985313222e-03
6.1860238582e-03
1.0575509271e-02
8.1916051714e-03
4.6788156939e-03
3.4376023984e-03
5.2402337250e-03
6.7925147746e-03
5.0733965837e-03
7.7430483509e-03
1.4647918587e-02
1.7481447279e-02
9.6644607345e-03
6.5655204712e-03
9.4441986477e-03
7.2432078503e-03
5.1244944243e-03
7.3275357658e-03
1.3522855501e-02
1.6698267525e-02
1.0289607315e-02
8.1430842370e-03
1.3521235555e-02
1.8108430181e-02
1.4450171160e-02
2.2836601371e-02
4.4668978482e-02
5.2673245415e-02
2.7449547828e-02
1.7582205671e-02
2.2827826560e-02
1.6689600373e-02
1.0454984240e-02
1.3573978960e-02
2.2889073874e-02
1.7223028439e-02
9.6644607345e-03
6.9632420573e-03
1.0358912360e-02
1.3301805832e-02
9.7214440356e-03
1.4650809876e-02
2.7378680919e-02
2.0293968982e-02
1.1070070065e-02
7.4227141236e-03
1.0456033603e-02
7.9495078137e-03
5.5028124831e-03
7.7430483509e-03
1.4096443615e-02
1.7010477383e-02
1.0364653039e-02
8.1152976584e-03
1.3326180365e-02
1.7784224885e-02
1.4079595808e-02
2.2156315275e-02
4.3181703724e-02
4.8830738966e-02
2.6210501069e-02
1.7183809218e-02
2.3498606594e-02
1.6993669796e-02
1.1300332143e-02
1.5325150459e-02
2.7148267561e-02
2.0038537054e-02
1.1867551302e-02
8.9864197122e-03
1.4303079835e-02
1.8403864223e-02
1.4274893825e-02
2.2156315275e-02
4.2791539300e-02
4.8485714066e-02
2.7449547828e-02
1.8970319851e-02
2.8200470635e-02
2.1477272931e-02
1.5685458941e-02
2.2836601371e-02
4.2960907326e-02
5.1209633637e-02
3.2244926715e-02
2.5906406421e-02
4.3887844561e-02
5.8250561639e-02
4.7290938265e-02
7.5189822546e-02
1.4835657689e-01
1.4835657689e-01
7.5189822546e-02
4.7290938265e-02
5.8250561639e-02
4.3887844561e-02
2.5906406421e-02
3.2244926715e-02
5.1209633637e-02
4.2960907326e-02
2.2836601371e-02
1.5685458941e-02
2.1477272931e-02
2.8200470635e-02
1.8970319851e-02
2.7449547828e-02
4.8485714066e-02
4.2791539300e-02
2.2156315275e-02
1.4274893825e-02
1.8403864223e-02
1.4303079835e-02
8.9864197122e-03
1.1867551302e-02
2.0038537054e-02
2.7148267561e-02
1.5325150459e-02
1.1300332143e-02
1.6993669796e-02
2.3498606594e-02
1.7183809218e-02
2.6210501069e-02
4.8830738966e-02
4.3181703724e-02
2.2156315275e-02
1.4079595808e-02
1.7784224885e-02
1.3326180365e-02
8.1152976584e-03
1.0364653039e-02
1.7010477383e-02
1.4096443615e-02
7.7430483509e-03
5.5028124831e-03
7.9495078137e-03
1.0456033603e-02
7.4227141236e-03
1.1070070065e-02
2.0293968982e-02
2.7378680919e-02
1.4650809876e-02
9.7214440356e-03
1.3301805832e-02
1.0358912360e-02
6.9632420573e-03
9.6644607345e-03
1.7223028439e-02
2.2889073874e-02
1.3573978960e-02
1.0454984240e-02
1.6689600373e-02
2.2827826560e-02
1.7582205671e-02
2.7449547828e-02
5.2673245415e-02
4.4668978482e-02
2.2836601371e-02
1.4450171160e-02
1.8108430181e-02
1.3521235555e-02
8.1430842370e-03
1.0289607315e-02
1.6698267525e-02
1.3522855501e-02
7.3275357658e-03
5.1244944243e-03
7.2432078503e-03
9.4441986477e-03
6.5655204712e-03
9.6644607345e-03
1.7481447279e-02
1.4647918587e-02
7.7430483509e-03
5.0733965837e-03
6.7925147746e-03
5.2402337250e-03
3.4376023984e-03
4.6788156939e-03
8.1916051714e-03
1.0575509271e-02
6.1860238582e-03
4.6985313222e-03
7.3844174570e-03
1.0049293232e-02
7.6513208178e-03
1.1867551302e-02
2.2642479589e-02
2.9237563329e-02
1.5325150459e-02
9.8913879151e-03
1.2999017141e-02
9.5859166319e-03
6.1078001872e-03
8.0596926616e-03
1.3793783474e-02
1.0815283562e-02
6.1860238582e-03
4.5576892292e-03
6.9616669949e-03
9.0669881191e-03
6.7801987640e-03
1.0364653039e-02
1.9614419917e-02
2.4597145030e-02
1.3573978960e-02
9.2196964590e-03
1.3231564140e-02
1.0196989546e-02
7.1973753447e-03
1.0289607315e-02
1.8956021338e-02
2.3748060714e-02
1.4586132669e-02
1.1528777391e-02
1.9082427531e-02
2.5674068434e-02
2.0415470491e-02
3.2244926715e-02
6.2942835742e-02
5.0740499120e-02
2.5906406421e-02
1.6368461326e-02
2.0453110880e-02
1.5265884453e-02
9.1574734033e-03
1.1528777391e-02
1.8631557381e-02
1.5097271152e-02
8.1430842370e-03
5.6649654953e-03
7.9458255283e-03
1.0346327245e-02
7.1362381494e-03
1.0454984240e-02
1.8810386191e-02
1.5450037074e-02
8.1152976584e-03
5.2853198089e-03
6.9944905083e-03
5.3890624776e-03
3.4877063824e-03
4.6985313222e-03
8.1386143312e-03
1.0551751168e-02
6.1078001872e-03
4.5950847802e-03
7.1323414622e-03
9.7207706107e-03
7.3221682990e-03
1.1300332143e-02
2.1433119417e-02
1.7242891793e-02
8.9864197122e-03
5.7718468877e-03
7.5049345004e-03
5.5426431918e-03
3.4877063824e-03
4.5576892292e-03
7.7158638690e-03
6.0762911026e-03
3.4376023984e-03
2.5057890117e-03
3.7728353786e-03
4.9069820529e-03
3.6236426669e-03
5.5028124831e-03
1.0340559368e-02
1.2689859940e-02
6.9632420573e-03
4.7055839704e-03
6.6953683072e-03
5.1521682489e-03
3.6057607621e-03
5.1244944243e-03
9.3912216308e-03
1.1773025143e-02
7.1973753447e-03
5.6649654953e-03
9.3340570115e-03
1.2552548193e-02
9.9481697561e-03
1.5685458941e-02
3.0570992876e-02
3.6539101981e-02
1.8970319851e-02
1.2122494409e-02
1.5633929237e-02
1.1475915705e-02
7.1362381494e-03
9.2196964590e-03
1.5441543441e-02
1.1775146227e-02
6.5655204712e-03
4.7055839704e-03
6.9391211893e-03
8.9340038880e-03
6.4751146917e-03
9.7214440356e-03
1.8073700469e-02
1.3680723211e-02
7.4227141236e-03
4.9580212420e-03
6.9269643051e-03
5.2790625899e-03
3.6236426669e-03
5.0733965837e-03
9.1835663293e-03
1.1196250471e-02
6.7801987640e-03
5.2853198089e-03
8.6253788851e-03
1.1543018031e-02
9.0889929603e-03
1.4274893825e-02
2.7741945277e-02
3.2133027422e-02
1.7183809218e-02
1.1238830895e-02
1.5277394981e-02
1.1080785023e-02
7.3221682990e-03
9.8913879151e-03
1.7438466762e-02
1.2983699547e-02
7.6513208178e-03
5.7718468877e-03
9.1358228772e-03
1.1774653330e-02
9.0889929603e-03
1.4079595808e-02
2.7122305940e-02
3.1166457906e-02
1.7582205671e-02
1.2122494409e-02
1.7936783527e-02
1.3682136653e-02
9.9481697561e-03
1.4450171160e-02
2.7112956643e-02
3.2526722992e-02
2.0415470491e-02
1.6368461326e-02
2.7649726288e-02
3.6760750487e-02
2.9767886509e-02
4.7290938265e-02
9.3188067611e-02
1.1426808860e-01
5.8250561639e-02
3.6760750487e-02
4.5790552067e-02
3.4223978715e-02
2.0453110880e-02
2.5674068434e-02
4.1326731684e-02
3.3696477905e-02
1.8108430181e-02
1.2552548193e-02
1.7500168410e-02
2.2809442114e-02
1.5633929237e-02
2.2827826560e-02
4.0888587914e-02
3.3995723423e-02
1.7784224885e-02
1.1543018031e-02
1.5163038861e-02
1.1695930672e-02
7.5049345004e-03
1.0049293232e-02
1.7284079392e-02
2.2617802739e-02
1.2999017141e-02
9.7207706107e-03
1.4956777826e-02
2.0444338182e-02
1.5277394981e-02
2.3498606594e-02
4.4363585864e-02
3.5497569037e-02
1.8403864223e-02
1.1774653330e-02
1.5163038861e-02
1.1239624352e-02
6.9944905083e-03
9.0669881191e-03
1.5195180479e-02
1.2127492080e-02
6.7925147746e-03
4.9069820529e-03
7.2882155855e-03
9.4996232042e-03
6.9269643051e-03
1.0456033603e-02
1.9500010357e-02
2.4437056423e-02
1.3301805832e-02
8.9340038880e-03
1.2557409348e-02
9.6864134490e-03
6.6953683072e-03
9.4441986477e-03
1.7166208175e-02
2.1836711674e-02
1.3231564140e-02
1.0346327245e-02
1.6895957704e-02
2.2809442114e-02
1.7936783527e-02
2.8200470635e-02
5.4739205476e-02
4.1552651668e-02
2.1477272931e-02
1.3682136653e-02
1.7500168410e-02
1.2898086219e-02
7.9458255283e-03
1.0196989546e-02
1.6927431920e-02
1.3100904416e-02
7.2432078503e-03
5.1521682489e-03
7.5060384759e-03
9.6864134490e-03
6.9391211893e-03
1.0358912360e-02
1.9118640441e-02
1.4761628975e-02
7.9495078137e-03
5.2790625899e-03
7.2882155855e-03
5.5655429967e-03
3.7728353786e-03
5.2402337250e-03
9.4035296542e-03
1.1599852118e-02
6.9616669949e-03
5.3890624776e-03
8.7128429270e-03
1.1695930672e-02
9.1358228772e-03
1.4303079835e-02
2.7680419074e-02
3.1912787005e-02
1.6993669796e-02
1.1080785023e-02
1.4956777826e-02
1.0876031843e-02
7.1323414622e-03
9.5859166319e-03
1.6800580918e-02
1.2606266736e-02
7.3844174570e-03
5.5426431918e-03
8.7128429270e-03
1.1239624352e-02
8.6253788851e-03
1.3326180365e-02
2.5591520160e-02
2.9692885437e-02
1.6689600373e-02
1.1475915705e-02
1.6895957704e-02
1.2898086219e-02
9.3340570115e-03
1.3521235555e-02
2.5300412834e-02
3.0495991945e-02
1.9082427531e-02
1.5265884453e-02
2.5715745107e-02
3.4223978715e-02
2.7649726288e-02
4.3887844561e-02
8.6384635271e-02
9.9410218706e-02
5.1209633637e-02
3.2526722992e-02
4.1326731684e-02
3.0495991945e-02
1.8631557381e-02
2.3748060714e-02
3.9103488926e-02
3.0464598191e-02
1.6698267525e-02
1.1773025143e-02
1.6927431920e-02
2.1836711674e-02
1.5441543441e-02
2.2889073874e-02
4.1895638265e-02
3.1908943758e-02
1.7010477383e-02
1.1196250471e-02
1.5195180479e-02
1.1599852118e-02
7.7158638690e-03
1.0575509271e-02
1.8719018184e-02
2.3309064836e-02
1.3793783474e-02
1.0551751168e-02
1.6800580918e-02
2.2617802739e-02
1.7438466762e-02
2.7148267561e-02
5.2180527756e-02
3.7932873918e-02
2.0038537054e-02
1.2983699547e-02
1.7284079392e-02
1.2606266736e-02
8.1386143312e-03
1.0815283562e-02
1.8719018184e-02
1.4167758668e-02
8.1916051714e-03
6.0762911026e-03
9.4035296542e-03
1.2127492080e-02
9.1835663293e-03
1.4096443615e-02
2.6878773155e-02
3.0858506328e-02
1.7223028439e-02
1.1775146227e-02
1.7166208175e-02
1.3100904416e-02
9.3912216308e-03
1.3522855501e-02
2.5162997530e-02
3.0464598191e-02
1.8956021338e-02
1.5097271152e-02
2.5300412834e-02
3.3696477905e-02
2.7112956643e-02
4.2960907326e-02
8.4396898881e-02
9.2484909925e-02
4.8485714066e-02
3.1166457906e-02
4.0888587914e-02
2.9692885437e-02
1.8810386191e-02
2.4597145030e-02
4.1895638265e-02
3.0858506328e-02
1.7481447279e-02
1.2689859940e-02
1.9118640441e-02
2.4437056423e-02
1.8073700469e-02
2.7378680919e-02
5.1535276679e-02
3.6908886511e-02
2.0293968982e-02
1.3680723211e-02
1.9500010357e-02
1.4761628975e-02
1.0340559368e-02
1.4647918587e-02
2.6878773155e-02
3.1908943758e-02
1.9614419917e-02
1.5450037074e-02
2.5591520160e-02
3.3995723423e-02
2.7122305940e-02
4.2791539300e-02
8.3736904623e-02
9.0418949864e-02
4.8830738966e-02
3.2133027422e-02
4.4363585864e-02
3.1912787005e-02
2.1433119417e-02
2.9237563329e-02
5.2180527756e-02
3.7932873918e-02
2.2642479589e-02
1.7242891793e-02
2.7680419074e-02
3.5497569037e-02
2.7741945277e-02
4.3181703724e-02
8.3736904623e-02
9.2484909925e-02
5.2673245415e-02
3.6539101981e-02
5.4739205476e-02
4.1552651668e-02
3.0570992876e-02
4.4668978482e-02
8.4396898881e-02
9.9410218706e-02
6.2942835742e-02
5.0740499120e-02
8.6384635271e-02
1.1426808860e-01
9.3188067611e-02
1.4835657689e-01
2.9339911301e-01
